0.0 0.001003265380859375 1
0.006998300552368164 0.010996580123901367 101
0.019007444381713867 0.017998933792114258 201
0.03998732566833496 0.03698873519897461 301
0.07198262214660645 0.06496047973632812 401
0.10996508598327637 0.10297250747680664 501
0.1741161346435547 0.1569499969482422 601
0.2889072895050049 0.27891111373901367 701
0.29706835746765137 0.28621912002563477 801
0.40486955642700195 0.3890116214752197 901
0.5148530006408691 0.5188350677490234 1001
0.6637699604034424 0.6109395027160645 1101
0.7959182262420654 0.7813212871551514 1201
0.9689276218414307 0.9618518352508545 1301
1.1247918605804443 1.1070210933685303 1401
1.3475568294525146 1.3197855949401855 1501
1.629859209060669 1.611945629119873 1601
1.941772222518921 2.123739004135132 1701
2.2774739265441895 2.2432901859283447 1801
2.6485984325408936 2.58366322517395 1901
3.0355982780456543 3.0473098754882812 2001
3.4672231674194336 3.436776876449585 2101
3.890881061553955 3.9433670043945312 2201
4.371089696884155 4.3715996742248535 2301
4.6234211921691895 4.617238998413086 2401
5.415311098098755 5.276535749435425 2501
6.121240854263306 5.731229543685913 2601
6.647437810897827 6.660833120346069 2701
7.8817455768585205 8.840676546096802 2801
8.169187784194946 8.240990161895752 2901
8.733128309249878 9.307907581329346 3001
9.635303735733032 9.686219930648804 3101
10.776055574417114 10.799174785614014 3201
11.727940082550049 12.154831171035767 3301
12.686057567596436 12.745314598083496 3401
13.28041124343872 14.076866149902344 3501
15.411333799362183 15.433691024780273 3601
15.486191511154175 16.116760730743408 3701
17.099079132080078 17.10137391090393 3801
17.99966263771057 18.052027463912964 3901
19.59517812728882 19.617061138153076 4001
20.722419261932373 21.19878840446472 4101
24.76219940185547 22.590713500976562 4201
26.55023431777954 24.55773687362671 4301
25.91068410873413 25.987006664276123 4401
31.23498249053955 29.92575216293335 4501
29.608493328094482 29.637743711471558 4601
31.000516176223755 32.32741951942444 4701
32.21154761314392 32.91038775444031 4801
34.140621185302734 34.20808815956116 4901
43.62205934524536 39.975093126297 5001
39.1788330078125 38.78391766548157 5101
43.342275619506836 42.60229849815369 5201
45.54292368888855 47.980640172958374 5301
49.44945001602173 49.75036978721619 5401
53.767170906066895 51.445727586746216 5501
53.82291340827942 54.05209469795227 5601
58.67956495285034 58.02810215950012 5701
59.23355793952942 62.505969285964966 5801
63.88277864456177 63.194103717803955 5901
66.6787657737732 69.37820363044739 6001
65.37912321090698 65.88925766944885 6101
71.0450279712677 69.12798428535461 6201
72.51438736915588 73.06164622306824 6301
75.26168584823608 76.11853313446045 6401
80.0828948020935 81.49516463279724 6501
90.56550288200378 92.02616500854492 6601
91.64846301078796 93.90629291534424 6701
101.36888432502747 101.62395668029785 6801
106.30969643592834 109.98478984832764 6901
100.11186957359314 105.33995580673218 7001
110.95507478713989 108.31654095649719 7101
112.64870023727417 113.03951597213745 7201
119.97754502296448 120.18939709663391 7301
125.55626177787781 136.5820128917694 7401
130.56560611724854 135.27834391593933 7501
142.23928999900818 140.8170976638794 7601
142.76837944984436 146.93758392333984 7701
146.44017672538757 150.6695899963379 7801
156.94999289512634 160.56383347511292 7901
156.6804642677307 158.00850319862366 8001
174.90449738502502 189.82015132904053 8101
190.4405870437622 189.27196049690247 8201
198.36887979507446 200.2833971977234 8301
203.9974069595337 207.28669500350952 8401
215.90207266807556 215.74771976470947 8501
218.9481167793274 219.4191071987152 8601
228.09514355659485 230.37306141853333 8701
234.63839983940125 218.65209293365479 8801
217.53225469589233 228.1201994419098 8901
224.10256218910217 227.8246304988861 9001
227.4107325077057 231.13127875328064 9101
234.8913516998291 240.29669332504272 9201
249.69021368026733 247.62850713729858 9301
255.5897343158722 254.45621585845947 9401
267.18059849739075 272.71577882766724 9501
287.3177456855774 311.8595082759857 9601
291.5598130226135 295.0635447502136 9701
302.6792368888855 305.7098994255066 9801
310.34596991539 318.1583023071289 9901
319.25810146331787 309.6328363418579 10001
